0.0983967
0.486698
0.466
-0.0686616
0.276282
0.35
0.174022
-0.387826
0.11
0.288409
-0.241234
0.744516
0.18952
0.207266
-0.239167
0.243665
-0.014839
0.203776
0.878779
0.0133889
-0.131982
1.01017
0.107885
-0.100992
0.750805
0.205178
0.488979
0.489035
0.551627
0.606657
0.64663
0.492168
0.491549
0.546715
0.595522
0.64663
0.492168
0.491549
0.546715
0.595522
0.64663
0.492168
0.491549
0.546715
0.595522
0.990044
0.725514
0.855961
0.855961
0.855961
0.0983967
0.486698
0.466
-0.0686616
0.276282
0.35
0.174022
-0.387826
0.11
0.288409
-0.241234
0.744516
0.18952
0.207266
-0.239167
0.243665
-0.014839
0.203776
0.878779
0.0133889
-0.131982
1.01017
0.107885
-0.100992
0.750805
0.205178
0.488979
0.489035
0.551627
0.606657
0.64663
0.492168
0.491549
0.546715
0.595522
0.64663