-0.00815
-0.0430671
-4.65535e-05
0.0147915
0.0524948
0.0764809
-0.0548027
0.00648211
0.0353158
-0.00268663
0.0696541
-0.0137604
0.0336517
-0.100565
0.0818519
-0.0564437
-0.0882386
0.0252288
-0.130107
0.068608
0.00780385
-0.148009
-0.0277737
-0.0780808
-0.00490036
0.0143056
0.0685639
-0.0602164
0.0329641
0.114354
0.00331974
-0.128571
-0.065986
-0.00472375
0.0125597
0.0713472
-0.0785945
-0.0522679
0.0921478
-0.218033
0.373421
-0.0329111
-0.0552744
-0.0623496
-0.0376954
-0.0355976
0.023868
-0.03819
-0.0365173
0.00304877
0.000181975
0.0258834
-0.0259058
-0.0766509
0.02181
0.0308441
0.0416483
-0.0179816
-0.0322545
0.00337519
0.03
0.0273331
0.00401309
-0.104283
-0.0604284
-0.0736904
-0.0554383
-0.216475
0.0226418
0.0306097
-0.0125864
0.235938
-0.339466
0.151277
-0.749737
-1.06938
-0.593878
0.257509
0.235842
-0.541004
0.125975
-2.36926
0.418508
-0.260562
-0.168242
-1.41718
0.951815
-0.0182394
-0.307878
0.961691
0.961118
0.26311
1.63278
0.419847
1.20183
-0.126848
-0.692694
0.452376
-0.614366
0.0767467
0.604595
0.565278
-0.456315
1.38222
-0.519002
-0.577274
0.0725242
-0.956071
0.135276
-1.09095
1.45765
-5.82803
-0.729851
0.0534265
1.02873
0.392401
0.487342
-1.76654
0.710432
-0.438771
-0.74047
2.37719
-2.1312
0.0169111
0.331834
0.730432
-0.913044
-0.307506
1.14658
0.423733
0.156392
-0.05
-1.4747
-0.343351
0.444795
0.558066
-0.111861
0.813125
0.00545358
-0.550293
-1.40181
0.899544
-0.27624
-0.686587
-0.34259
0.553492
0.22005
0.373126
-0.182595
-0.268197
-0.076753
-0.435408
1.53214
1.15742
0.139618
-0.719927
-0.443586
-0.842966
0.335626
-0.192823
-0.817658
-0.998394
0.153691
0.357463
0.455537
-0.313514
-0.407944
0.791927
-0.671708
-0.688273
0.709009
-0.846608
0.658312
-0.24868
0.100238
0.548874
-1.02535
-0.437403
0.681002
-0.181801
0.531535
-0.426779
3.81368
0.499467
-0.103628
-0.815181
-0.0224512
-0.318131
0.649428
-0.105745
0.238556
0.371608
-1.0857
1.11406
-0.0722155
-0.676798
-0.165744
0.0316651
0.0105381
0.653366
0.145867
0.085852
0.01
-0.680059
-0.199746
-0.372058
-0.531822
0.149551
-0.475675
-0.95923
0.395947
0.763587
0.451843
-0.0398437
0.045666
0.0469348
-0.0490833
-0.0554854
0.033411
0.00470673
-0.084853
-0.0227089
-0.00631144
-0.0804882
0.029855
-0.000988831
0.121131
0.0957264
-0.00174076
-0.195871
-0.0617492
0.0855453
0.0754508
0.047197
-0.0928335
-0.0160534
0.158366
0.0686852
-0.101552
-0.0944334
-0.0653991
-0.0146775
0.031237
-0.186341
0.215337
-0.0142046
-0.0713187
0.0456797
-0.000858503
-0.0043106
0.0451752
0.0046253
0.17983
-0.468351
0.060508
0.0240924
-0.0089649
-0.0102309
-0.0131541
-0.0567288
-0.0253654
0.0751263
-0.0415667
-0.0507326
-0.0204245
-0.0272241
0.0403433
-0.0353654
0.0194896
-0.0171734
0.0579622
0.0316855
-0.0542644
-0.03
0.019134
-0.0290237
0.00183629
0.0149456
0.054479
-0.0273677
0.171742
-0.129885
0.205196
-0.000659332
0.201151
0.000623729
0.0138992
-0.0903335
-0.155228
-0.193332
0.0645966
0.182852
0.0296984
0.0201407
-0.10138
-0.0112093
-0.0632002
0.00063213
-0.210281
0.00625885
0.34984
-0.0222648
0.197015
-0.207589
-0.071409
0.308052
0.196276
-0.0718847
-0.124439
0.0481134
-0.0271485
0.0755878
-0.0829818
-0.155199
0.0756626
0.24808
0.181042
-0.0212373
0.0313455
-0.0687175
0.150601
0.149868
-0.14444
0.280754
-0.421703
0.00397481
0.0595417
0.0875372
0.0128475
0.00480721
0.0201168
0.0223248
-0.104364
-0.0665935
0.082203
0.0724297
-0.0187217
0.123871
-0.0476752
-0.0690941
-0.0211086
-0.18685
-0.00702893
0.162795
-0.02
-0.0192698
0.108739
0.0538751
-0.0238956
0.0913237
0.173703
0.22648
0.00389387
-0.345238
0.0428861
-0.0226321
-0.0145329
0.0248709
-0.070445
-0.0441407
-0.0147264
0.0493829
-0.107368
-0.0384493
-0.0341449
-0.106631
0.117281
-0.0585694
0.231328
-0.00372682
-0.0386513
-0.081778
-0.12057
0.102035
0.105069
0.0343936
-0.119478
-0.105077
0.156766
0.113206
0.0259727
-0.0824821
-0.0809528
0.0291098
-0.0893726
-0.146528
0.265112
0.0284276
-0.125854
0.114795
-0.0545545
-0.00102492
0.0955283
-0.0466376
0.337534
-0.666667
0.0452276
0.0353214
0.0106996
0.0585824
0.0308004
-0.135704
-0.0575586
-0.00295847
0.0303879
-0.0390977
-0.0358739
-0.0106492
-0.0168819
-0.0275586
0.0649906
0.0136496
0.0507846
0.0186169
-0.0329192
-0.02
-0.043951
-0.0343506
0.0155379
0.0679151
0.138176
0.0167383
0.166541
-0.140895
0.167671
0.0752164
-0.0633177
0.0752101
-0.0280061
-0.0927347
-0.131289
-0.0103721
-0.0244
-0.104918
-0.0381
-0.034178
-0.0421237
-0.00234023
-0.0797758
0.214976
0.0189592
0.0746678
-0.352714
0.0296419
0.0702061
0.20568
-0.0609794
-0.215001
-0.0683488
0.187832
0.0741821
0.0180316
-0.172915
-0.0549668
-0.0144982
0.0569841
-0.264466
0.213629
-0.086408
-0.112556
0.195647
0.139101
-0.152488
0.12326
0.0320261
0.150983
-0.390666
0.0109792
0.0236084
0.0766898
-0.0366442
0.0169119
-0.243355
-0.0215076
0.0092177
-0.0136247
0.0693076
-0.101058
0.042022
-0.0276747
0.0684924
0.0472638
0.102085
0.0974087
0.0238934
-0.0337499
-0.01
-0.0980007
-0.0743629
0.0694089
0.17066
0.0606326
-0.0481055
0.106388
-0.159525
0.419989
0.0268734
-0.319481
-0.27978
-0.0190951
0.0238529
-0.0697359
0.0978714
-0.113059
-0.26004
-0.0840515
0.0984541
0.393422
-0.266135
-0.00933616
0.0531578
-0.344477
0.110499
-0.651967
0.0658166
-0.217662
0.339516
-0.010392
0.301423
-0.283093
0.0855487
0.440567
-0.231154
-0.208059
-0.0471445
0.0621056
0.187769
0.208886
-0.731096
-0.3778
0.16148
-0.0731611
0.348681
-0.145097
-0.327209
0.16329
-0.625896
1.1966
-0.051982
-0.113664
0.0889952
-0.367907
0.0992079
-0.254194
0.140063
0.0863314
-0.0179365
-0.0349385
-0.385752
-0.0215039
-0.205745
0.120063
-0.101313
-0.0438544
0.112338
0.189315
-0.405024
0.01
0.0609514
-0.115304
-0.0879044
0.0830923
-0.314035
-0.410843
-0.549981
-0.0718248
0.493963
-0.516753
0.322676
-0.253605
0.143589
-0.573734
-1.04194
-0.405529
0.140906
0.318461
-0.0262565
-0.169961
-2.63832
0.20432
-0.1963
0.345401
0.0536979
0.4748
1.53724
-0.40353
0.751917
0.229806
0.0433891
-0.153944
0.536422
1.15226
0.330425
-0.781265
0.0733366
-0.338
-0.392844
0.34917
1.39776
-0.60341
-0.525656
0.493635
0.304697
-0.453124
-0.501059
0.350419
-0.492705
0.340396
-5.7514
0.684122
-0.0599341
0.540489
-0.842092
-0.0768347
-0.391758
0.498683
-0.386366
-0.277832
-0.184003
0.354508
0.0456885
0.291997
0.438683
0.0763026
0.162557
-0.266317
-0.249
-0.0388743
-0.05
0.449985
-0.173797
0.368124
-0.409873
-0.426457
0.776325
0.659155
0.0983653
-1.39217
-0.968867
0.186131
0.526138
0.103726
-0.065648
-0.12361
-0.473693
0.0688727
0.259481
0.0823257
-0.0550411
-0.521764
0.1841
-0.145701
0.181542
0.0518878
-0.208095
0.75733
-0.0145545
0.301087
-0.384242
-0.0463583
-0.2051
0.276093
-0.036503
0.536208
-0.00710096
-0.17741
0.245351
-0.543843
0.0699075
-0.50326
0.957975
0.508835
-0.202847
-0.129857
-0.104198
-0.205673
0.379304
-0.280506
0.337832
-2.08239
-0.0319211
0.13101
-0.114044
0.0427963
0.0296087
0.404915
-0.216235
-0.12947
-0.33947
0.0712016
0.409963
0.0040516
0.316089
-0.176235
0.113029
-0.143822
0.016681
-0.182195
-0.210038
-0.03
0.248967
0.176498
0.230037
0.0158012
0.0187698
0.0115513
0.854255
-0.063562
-0.729789
0.625535
0.0310992
0.0647894
-0.0322805
-0.0221679
0.0346086
-0.0417277
-0.0759482
-0.0326167
-0.019157
0.0947517
0.0582589
-0.128389
-0.0141536
-0.143728
-0.0524236
0.112018
-0.00647729
0.132906
-0.140317
0.0141486
-0.0421114
0.0450277
0.146261
-0.165384
-0.195527
0.110454
0.125588
-0.00240147
0.129155
0.0231308
0.13291
-0.321694
-0.0115956
0.031643
-0.0389484
0.11826
-0.067082
-0.00274749
0.0850738
-0.244924
0.780889
0.00344346
-0.0367884
0.130878
-0.0705054
0.017568
-0.0537603
0.0602643
-0.0905198
-0.0687056
0.129372
-0.0344342
-0.0511399
-0.103736
0.0502643
0.00669967
-0.0500529
-0.00634413
-0.0217326
0.0683131
0.02
-0.0477026
0.00122549
-0.0426071
0.0253749
-0.131602
-0.00652364
-0.165857
0.144477
-0.0323657
-0.0976736
0.38459
1.00208
-0.152945
0.426865
0.653272
0.50254
0.0762691
-0.577382
0.174127
0.262838
2.68577
0.400696
0.298645
-1.18954
1.3537
-1.48668
0.28127
-0.230049
-0.616602
-0.798867
0.624906
-0.601102
-0.317348
-1.50579
0.765811
-2.42006
-0.524274
0.161923
-0.485236
1.51828
-1.76153
0.99116
-0.718809
0.0256002
1.0578
-1.01928
0.376041
-0.150754
0.394162
-1.70363
5.10132
0.688166
-0.00308747
-1.50516
-0.945743
0.277562
2.27732
-0.484468
0.365958
0.45608
-1.91357
2.22418
-0.0184796
-0.355111
-0.444468
0.173165
0.119199
-0.675487
-0.0087237
-0.21061
0.01
0.884323
0.552999
-0.357108
0.090703
-0.180806
-0.352191
-0.883109
0.916422
0.76455
-0.852192
0.0201112
0.100356
0.0306408
-0.0773776
-0.137828
-0.0617582
-0.0165712
-0.0477678
-0.0380742
0.0134402
-0.0015345
-0.0242542
0.0116637
0.00370241
-0.113096
0.0745028
-0.0708336
0.0264093
0.0245227
0.0309357
-0.0590551
0.0667604
0.0627292
-0.00704572
-0.0460479
-0.0334856
-0.0334328
0.0045187
0.0126954
-0.00795959
0.0264479
0.0444087
0.0320096
-0.0502087
0.118311
0.0657868
-0.13368
0.0621363
-0.00913598
-0.0720106
-0.00288435
-0.0358911
0.0269366
0.091046
-0.0351426
0.0338939
-0.0791647
-0.0215671
-0.0839028
0.0363403
0.0881987
-0.0370759
-0.0134567
0.0215746
-0.0415671
-0.0558534
0.0228768
-0.00237401
0.049236
0.0730795
0.04
-0.0342143
0.00539938
-0.0238923
0.0129319
0.00867473
0.00279599
0.0659025
-0.0612581
0.0831649
-0.0550005
0.300518
0.261423
-0.00513207
0.0274714
-0.0614707
-0.142657
0.0572386
0.139917
0.0413955
-0.121141
-0.339663
0.106399
-0.0361083
0.156081
0.370703
-0.119229
0.333309
-0.174714
0.215742
-0.253367
0.119153
-0.278928
0.120643
0.0948764
-0.334424
0.0421963
0.174763
0.0584818
-0.14081
-0.151082
0.0235691
0.420358
0.472419
-0.246983
-0.0249181
-0.372969
0.0500672
0.226248
-0.117813
0.73115
-1.31505
0.0340011
0.0418871
-0.0994364
0.179506
0.0179266
0.323741
-0.147106
-0.0643546
0.049878
-0.0322595
0.20482
0.00979214
0.169748
-0.157106
0.0334379
0.0685918
-0.115263
-0.225592
0.277472
-0.01
0.0248499
0.0126124
0.127847
-0.0176383
0.318315
0.378413
0.491088
-0.0426041
-0.100908
0.502107
1.08711
1.2849
0.169001
0.16631
-0.913654
-0.407032
0.174744
0.250079
0.229238
0.0905781
0.0828652
-0.35338
-0.127638
0.0263061
0.730663
0.65095
-0.175256
-0.187793
0.509702
-0.517716
0.00972169
1.31975
0.276516
-0.976844
-0.673994
-0.131417
0.154305
0.509366
-0.508576
-0.227822
0.805072
0.459072
1.21926
-0.231912
-0.000230345
-1.23328
-0.355785
-0.0706949
-0.664799
0.481024
-2.10547
0.491568
0.343842
0.662215
-0.208134
-0.0483619
-0.248758
-0.0152602
-0.230218
0.302673
0.753035
-0.336266
0.0412639
0.511885
-0.0352602
-0.265209
0.0689369
-0.13092
0.111475
0.810553
-0.03
-0.149757
0.0789072
0.277917
-0.217435
0.57097
1.15506
0.898655
-1.07562
-1.18595
0.726645
-0.0244865
-0.0791522
0.0146345
0.0967224
0.17115
0.0876296
-0.0317051
0.0189164
-0.0299632
-0.0164318
0.194911
0.0219288
0.0530427
-0.151086
0.0582622
-0.134933
0.0686784
0.0284324
-0.140087
-0.0877739
0.0367273
-0.00476819
-0.129133
-0.15964
0.0863716
0.113295
0.0781715
0.0698473
-0.097074
0.0731844
-0.0154918
-0.134952
-0.0966594
0.0819543
-0.0397814
-0.0399021
0.0937761
-0.105052
0.024173
-0.294744
0.44865
-0.101951
0.0235816
-0.149163
-0.0297794
-0.0104671
0.223966
-0.0506722
-0.021323
0.0789583
-0.249365
0.115388
-0.0142298
-0.0532425
-0.0406722
-0.0578881
-0.0239451
-0.0195957
0.0313809
-0.045429
0.03
0.108618
0.0632098
-0.0787257
-0.125409
-0.125107
-0.151074
-0.1685
0.0886461
-0.144729
-0.0454901
-0.418862
-0.0987506
0.146481
0.0621347
-0.394186
-0.356817
0.137075
0.147642
0.0724633
0.0617474
-2.10635
-0.703877
-0.340508
0.85161
-0.26601
1.26425
-0.775957
-0.10981
1.00836
-0.0178557
-0.0887137
0.464425
0.131836
0.273202
0.337286
0.240866
0.55912
-0.114235
-0.179927
-0.172742
-0.560333
0.658373
-0.355508
0.313136
-0.31649
0.742318
-0.982303
0.55581
-0.601934
0.209068
-3.81869
-0.919349
0.0213516
1.31277
0.288935
0.148014
-1.49541
0.25483
-0.219067
0.106168
1.68255
-2.60684
0.0985083
0.324989
0.26483
-0.559225
0.013284
-0.510141
0.0467429
-0.333074
0.04
-0.597004
0.423312
0.528017
0.684404
0.0482904
-0.0881734
0.224426
-0.659077
1.20224
-0.097946
-0.101128
0.0354212
0.0237962
-0.0743581
-0.0462457
0.0766155
-0.0283918
-0.149531
-0.0150451
0.00636017
-0.0319626
0.0700334
-0.03869
0.177576
0.102949
-0.046825
-0.245645
-0.0476251
-0.00464349
0.128524
-0.0305704
-0.267022
-0.146078
0.155653
0.135489
-0.0797329
-0.119692
-0.00567629
-0.0568429
0.0599261
-0.240372
0.151837
-0.231943
-0.0270542
0.11787
0.0597499
-0.087677
0.0798973
0.0344114
0.0231589
-0.448824
0.0597621
0.034355
-0.0236784
-0.0125747
0.00874073
-0.0199639
-0.0277686
0.0235004
0.0383463
-0.0757653
0.0183842
0.0131467
0.00902839
-0.00776857
-0.0108281
0.0792947
0.0365525
0.0302011
-0.148308
0.01
-0.0473841
-0.0442971
-0.0271863
0.0695586
0.0392444
-0.109657
0.114447
-0.1502
0.367011
-0.0131399
1.72509
-0.719628
0.233199
-0.591148
-0.522695
-0.724405
0.21178
0.582863
0.674021
0.367279
-1.47
0.500841
-0.457831
0.67157
-0.823511
1.63789
0.986488
0.685352
0.757506
-0.48238
-0.835365
0.365292
-0.343763
0.302101
0.180715
0.932606
-3.75001
-1.34832
1.4261
0.0557544
-0.263365
1.94491
0.73067
0.549511
0.524898
1.00892
0.535035
1.4564
-0.384636
2.16628
-5.63331
0.437757
0.109754
1.72724
-0.0245753
0.616636
-1.98863
0.826909
-0.960099
0.00635379
1.59884
-0.357683
0.109341
0.441424
0.776909
0.446302
0.122714
0.316543
0.525807
0.717183
-0.03
-0.102754
-0.538474
0.57406
2.29368
0.165313
1.48812
1.67538
-0.67253
1.41308
-1.61129
-0.10964
-0.104878
-0.062772
0.0909562
0.175468
0.0304682
-0.124748
0.0253083
-0.0448728
0.0547131
0.206446
-0.0580808
0.0346835
-0.122659
-0.00973676
-0.0545101
-0.12811
0.0866847
-0.166705
-0.075167
0.0372861
0.0819293
-0.108748
-0.127476
0.0820505
-0.0132019
0.139735
0.00874059
-0.0879658
0.196234
0.0709614
-0.307611
-0.151292
0.097427
-0.0157755
0.0595709
0.0817491
-0.179739
0.00280382
-0.384191
0.755569
-0.0807929
-0.0446367
-0.0769466
-0.153343
0.0122515
0.19827
-0.0144423
-0.021989
-0.0307278
-0.124122
0.0842045
-0.0724366
-0.00012709
0.0355577
-0.106496
-0.0762648
0.0681377
-0.0034097
-0.0258453
-0.01
0.0147582
0.0516826
-0.108698
-0.123597
-0.258216
-0.13201
-0.219947
0.0913687
-0.0555125
-0.0438554
-0.0564486
0.0517696
-0.211613
0.00260972
-0.0938165
-0.0986393
-0.00894954
-0.0375686
0.0580683
-0.128989
-0.079251
-0.077677
0.0874972
-0.0304689
-0.110989
-0.21361
0.133151
-0.130221
0.059111
-0.484821
0.125703
-0.0784737
-0.0330192
0.70414
-0.0676084
0.0128078
0.155292
0.0262936
0.0279026
-0.339465
0.31004
0.143334
0.114683
-0.735009
0.0285724
0.332939
0.37973
-0.307616
0.312935
-0.125111
0.52887
-0.415046
-0.395057
-0.0143492
1.75726
-1.35023
0.384744
-0.32051
0.429473
0.634315
0.425035
1.85321
-0.0304295
-0.312254
-1.89982
0.0659456
-0.0327353
-0.521681
-0.270961
1.63121
0.590059
1.72169
-0.278235
-1.33789
0.0346488
-0.385146
0.69304
0.350746
-0.33518
0.36419
0.456236
0.227623
-0.300787
-0.0631916
-0.407752
0.342899
-0.114286
0.0981217
-0.779469
-0.114059
0.65506
0.565209
-0.82112
-0.201572
-0.963898
-0.0583574
-0.247395
0.594772
0.353114
-0.299807
0.387896
0.408511
0.266452
-0.137676
-0.19207
-0.33354
0.268598
-0.0376975
0.106504
-0.705504
-0.149485
0.515905
0.424496
-0.686696
-0.2172
0.0955315
-0.0962559
0.230302
0.0392677
0.0129989
0.0989308
0.0636188
0.01677
-0.120832
0.222855
0.102122
0.0613536
-0.191077
-0.0385896
0.161774
0.267028
-0.148021
0.100428
7.98929e-05
0.50618
-0.193258
-0.35119
-0.0393843
1.14507
-1.02283
0.255012
-0.261342
0.280308
0.491563
0.308596
1.38718
-0.079438
-0.178277
-1.33223
0.00248405
-0.103925
-0.372224
-0.179733
1.24518
0.366919
1.21099
-0.131263
0.0619721
-0.127168
0.680256
-0.304723
0.0697553
0.123364
0.16135
-0.368121
-1.09208
1.22235
1.11925
-0.635019
-0.158576
-0.401001
0.881583
0.426714
0.284599
0.19971
0.0333933
-0.146642
0.0361235
0.0245985
-0.0709177
0.129604
-0.0600047
-0.001054
0.00872317
-0.0296482
0.03197
-0.0126855
0.0477778
-0.0154575
-0.0392799
-0.0564625
0.00779476
-0.0384011
0.119708
0.0201161
0.0431195
0.0264437
0.235862
-0.0292916
-0.0271785
-0.0239801
0.00211819
-0.0103125
0.0149437
0.00578509
-0.031914
-0.0311859
-0.0372537
-0.0387023
-0.049569
0.0261735
0.0189984
0.0360927
-0.0436003
-0.0155601
-0.0372251
-0.00537854
0.0322365
-0.059793
0.0166409
-1.00959
0.00657272
-0.686785
-2.15814
1.76214
1.27973
-0.0396823
-1.08061
-0.924384
-0.00544676
0.000529471
